============================
      STRUCTURAL RESULTS    
============================

-----------------
Deflection 0.000198529

-----------------
fx 1.52591e-12

-----------------
fy 1.83752e-13

MATRIX
----------------

SA
----------------

                mod1      mod2      mod3      mod4      mod5      mod6      mod7      mod8      mod9     mod10     mod11     mod12     mod13
    floor1      2.00      5.00      8.00     11.00     14.00     17.00     20.00     23.00     26.00     29.00     32.00     35.00     38.00
    floor2      5.00     16.00     28.00     40.00     52.00     64.00     76.00     88.00    100.00    112.00    124.00    136.00    148.00
    floor3      8.00     28.00     54.00     81.00    108.00    135.00    162.00    189.00    216.00    243.00    270.00    297.00    324.00
    floor4     11.00     40.00     81.00    128.00    176.00    224.00    272.00    320.00    368.00    416.00    464.00    512.00    560.00
    floor5     14.00     52.00    108.00    176.00    250.00    325.00    400.00    475.00    550.00    625.00    700.00    775.00    850.00
    floor6     17.00     64.00    135.00    224.00    325.00    432.00    540.00    648.00    756.00    864.00    972.00   1080.00   1188.00
    floor7     20.00     76.00    162.00    272.00    400.00    540.00    686.00    833.00    980.00   1127.00   1274.00   1421.00   1568.00
    floor8     23.00     88.00    189.00    320.00    475.00    648.00    833.00   1024.00   1216.00   1408.00   1600.00   1792.00   1984.00
    floor9     26.00    100.00    216.00    368.00    550.00    756.00    980.00   1216.00   1458.00   1701.00   1944.00   2187.00   2430.00
   floor10     29.00    112.00    243.00    416.00    625.00    864.00   1127.00   1408.00   1701.00   2000.00   2300.00   2600.00   2900.00
   floor11     32.00    124.00    270.00    464.00    700.00    972.00   1274.00   1600.00   1944.00   2300.00   2662.00   3025.00   3388.00
   floor12     35.00    136.00    297.00    512.00    775.00   1080.00   1421.00   1792.00   2187.00   2600.00   3025.00   3456.00   3888.00
   floor13     38.00    148.00    324.00    560.00    850.00   1188.00   1568.00   1984.00   2430.00   2900.00   3388.00   3888.00   4394.00

Sx
----------------

                mod1      mod2      mod3      mod4      mod5      mod6      mod7      mod8      mod9     mod10     mod11     mod12     mod13
    floor1  3.05e-12  7.63e-12  1.22e-11  1.68e-11  2.14e-11  2.59e-11  3.05e-11  3.51e-11  3.97e-11  4.43e-11  4.88e-11  5.34e-11  5.80e-11
    floor2  7.63e-12  2.44e-11  4.27e-11  6.10e-11  7.93e-11  9.77e-11  1.16e-10  1.34e-10  1.53e-10  1.71e-10  1.89e-10  2.08e-10  2.26e-10
    floor3  1.22e-11  4.27e-11  8.24e-11  1.24e-10  1.65e-10  2.06e-10  2.47e-10  2.88e-10  3.30e-10  3.71e-10  4.12e-10  4.53e-10  4.94e-10
    floor4  1.68e-11  6.10e-11  1.24e-10  1.95e-10  2.69e-10  3.42e-10  4.15e-10  4.88e-10  5.62e-10  6.35e-10  7.08e-10  7.81e-10  8.55e-10
    floor5  2.14e-11  7.93e-11  1.65e-10  2.69e-10  3.81e-10  4.96e-10  6.10e-10  7.25e-10  8.39e-10  9.54e-10  1.07e-09  1.18e-09  1.30e-09
    floor6  2.59e-11  9.77e-11  2.06e-10  3.42e-10  4.96e-10  6.59e-10  8.24e-10  9.89e-10  1.15e-09  1.32e-09  1.48e-09  1.65e-09  1.81e-09
    floor7  3.05e-11  1.16e-10  2.47e-10  4.15e-10  6.10e-10  8.24e-10  1.05e-09  1.27e-09  1.50e-09  1.72e-09  1.94e-09  2.17e-09  2.39e-09
    floor8  3.51e-11  1.34e-10  2.88e-10  4.88e-10  7.25e-10  9.89e-10  1.27e-09  1.56e-09  1.86e-09  2.15e-09  2.44e-09  2.73e-09  3.03e-09
    floor9  3.97e-11  1.53e-10  3.30e-10  5.62e-10  8.39e-10  1.15e-09  1.50e-09  1.86e-09  2.22e-09  2.60e-09  2.97e-09  3.34e-09  3.71e-09
   floor10  4.43e-11  1.71e-10  3.71e-10  6.35e-10  9.54e-10  1.32e-09  1.72e-09  2.15e-09  2.60e-09  3.05e-09  3.51e-09  3.97e-09  4.43e-09
   floor11  4.88e-11  1.89e-10  4.12e-10  7.08e-10  1.07e-09  1.48e-09  1.94e-09  2.44e-09  2.97e-09  3.51e-09  4.06e-09  4.62e-09  5.17e-09
   floor12  5.34e-11  2.08e-10  4.53e-10  7.81e-10  1.18e-09  1.65e-09  2.17e-09  2.73e-09  3.34e-09  3.97e-09  4.62e-09  5.27e-09  5.93e-09
   floor13  5.80e-11  2.26e-10  4.94e-10  8.55e-10  1.30e-09  1.81e-09  2.39e-09  3.03e-09  3.71e-09  4.43e-09  5.17e-09  5.93e-09  6.70e-09

Sy
----------------

                mod1      mod2      mod3      mod4      mod5      mod6      mod7      mod8      mod9     mod10     mod11     mod12     mod13
    floor1  3.68e-13  9.19e-13  1.47e-12  2.02e-12  2.57e-12  3.12e-12  3.68e-12  4.23e-12  4.78e-12  5.33e-12  5.88e-12  6.43e-12  6.98e-12
    floor2  9.19e-13  2.94e-12  5.15e-12  7.35e-12  9.56e-12  1.18e-11  1.40e-11  1.62e-11  1.84e-11  2.06e-11  2.28e-11  2.50e-11  2.72e-11
    floor3  1.47e-12  5.15e-12  9.92e-12  1.49e-11  1.98e-11  2.48e-11  2.98e-11  3.47e-11  3.97e-11  4.47e-11  4.96e-11  5.46e-11  5.95e-11
    floor4  2.02e-12  7.35e-12  1.49e-11  2.35e-11  3.23e-11  4.12e-11  5.00e-11  5.88e-11  6.76e-11  7.64e-11  8.53e-11  9.41e-11  1.03e-10
    floor5  2.57e-12  9.56e-12  1.98e-11  3.23e-11  4.59e-11  5.97e-11  7.35e-11  8.73e-11  1.01e-10  1.15e-10  1.29e-10  1.42e-10  1.56e-10
    floor6  3.12e-12  1.18e-11  2.48e-11  4.12e-11  5.97e-11  7.94e-11  9.92e-11  1.19e-10  1.39e-10  1.59e-10  1.79e-10  1.98e-10  2.18e-10
    floor7  3.68e-12  1.40e-11  2.98e-11  5.00e-11  7.35e-11  9.92e-11  1.26e-10  1.53e-10  1.80e-10  2.07e-10  2.34e-10  2.61e-10  2.88e-10
    floor8  4.23e-12  1.62e-11  3.47e-11  5.88e-11  8.73e-11  1.19e-10  1.53e-10  1.88e-10  2.23e-10  2.59e-10  2.94e-10  3.29e-10  3.65e-10
    floor9  4.78e-12  1.84e-11  3.97e-11  6.76e-11  1.01e-10  1.39e-10  1.80e-10  2.23e-10  2.68e-10  3.13e-10  3.57e-10  4.02e-10  4.47e-10
   floor10  5.33e-12  2.06e-11  4.47e-11  7.64e-11  1.15e-10  1.59e-10  2.07e-10  2.59e-10  3.13e-10  3.68e-10  4.23e-10  4.78e-10  5.33e-10
   floor11  5.88e-12  2.28e-11  4.96e-11  8.53e-11  1.29e-10  1.79e-10  2.34e-10  2.94e-10  3.57e-10  4.23e-10  4.89e-10  5.56e-10  6.23e-10
   floor12  6.43e-12  2.50e-11  5.46e-11  9.41e-11  1.42e-10  1.98e-10  2.61e-10  3.29e-10  4.02e-10  4.78e-10  5.56e-10  6.35e-10  7.14e-10
   floor13  6.98e-12  2.72e-11  5.95e-11  1.03e-10  1.56e-10  2.18e-10  2.88e-10  3.65e-10  4.47e-10  5.33e-10  6.23e-10  7.14e-10  8.07e-10

M
----------------

                mod1      mod2      mod3      mod4      mod5      mod6      mod7      mod8      mod9     mod10     mod11     mod12     mod13
    floor1    539.76      0.00      0.00      0.00      0.00      0.00      0.00      0.00      0.00      0.00      0.00      0.00      0.00
    floor2      0.00    526.19      0.00      0.00      0.00      0.00      0.00      0.00      0.00      0.00      0.00      0.00      0.00
    floor3      0.00      0.00    524.13      0.00      0.00      0.00      0.00      0.00      0.00      0.00      0.00      0.00      0.00
    floor4      0.00      0.00      0.00    522.06      0.00      0.00      0.00      0.00      0.00      0.00      0.00      0.00      0.00
    floor5      0.00      0.00      0.00      0.00    522.36      0.00      0.00      0.00      0.00      0.00      0.00      0.00      0.00
    floor6      0.00      0.00      0.00      0.00      0.00    507.04      0.00      0.00      0.00      0.00      0.00      0.00      0.00
    floor7      0.00      0.00      0.00      0.00      0.00      0.00    490.77      0.00      0.00      0.00      0.00      0.00      0.00
    floor8      0.00      0.00      0.00      0.00      0.00      0.00      0.00    492.18      0.00      0.00      0.00      0.00      0.00
    floor9      0.00      0.00      0.00      0.00      0.00      0.00      0.00      0.00    492.05      0.00      0.00      0.00      0.00
   floor10      0.00      0.00      0.00      0.00      0.00      0.00      0.00      0.00      0.00    454.50      0.00      0.00      0.00
   floor11      0.00      0.00      0.00      0.00      0.00      0.00      0.00      0.00      0.00      0.00    380.96      0.00      0.00
   floor12      0.00      0.00      0.00      0.00      0.00      0.00      0.00      0.00      0.00      0.00      0.00    330.40      0.00
   floor13      0.00      0.00      0.00      0.00      0.00      0.00      0.00      0.00      0.00      0.00      0.00      0.00      6.27

Dx
----------------

                mod1      mod2      mod3      mod4      mod5      mod6      mod7      mod8      mod9     mod10     mod11     mod12     mod13
    floor1  1.65e-09  4.01e-09  6.40e-09  8.76e-09  1.12e-08  1.32e-08  1.50e-08  1.73e-08  1.95e-08  2.01e-08  1.86e-08  1.76e-08  3.64e-10
    floor2  4.12e-09  1.28e-08  2.24e-08  3.19e-08  4.14e-08  4.95e-08  5.69e-08  6.61e-08  7.51e-08  7.77e-08  7.21e-08  6.86e-08  1.42e-09
    floor3  6.59e-09  2.25e-08  4.32e-08  6.45e-08  8.61e-08  1.04e-07  1.21e-07  1.42e-07  1.62e-07  1.69e-07  1.57e-07  1.50e-07  3.10e-09
    floor4  9.06e-09  3.21e-08  6.48e-08  1.02e-07  1.40e-07  1.73e-07  2.04e-07  2.40e-07  2.76e-07  2.89e-07  2.70e-07  2.58e-07  5.36e-09
    floor5  1.15e-08  4.18e-08  8.64e-08  1.40e-07  1.99e-07  2.51e-07  3.00e-07  3.57e-07  4.13e-07  4.33e-07  4.07e-07  3.91e-07  8.13e-09
    floor6  1.40e-08  5.14e-08  1.08e-07  1.78e-07  2.59e-07  3.34e-07  4.04e-07  4.87e-07  5.68e-07  5.99e-07  5.65e-07  5.44e-07  1.14e-08
    floor7  1.65e-08  6.10e-08  1.30e-07  2.17e-07  3.19e-07  4.18e-07  5.14e-07  6.26e-07  7.36e-07  7.82e-07  7.41e-07  7.16e-07  1.50e-08
    floor8  1.89e-08  7.07e-08  1.51e-07  2.55e-07  3.79e-07  5.01e-07  6.24e-07  7.69e-07  9.13e-07  9.76e-07  9.30e-07  9.03e-07  1.90e-08
    floor9  2.14e-08  8.03e-08  1.73e-07  2.93e-07  4.38e-07  5.85e-07  7.34e-07  9.13e-07  1.09e-06  1.18e-06  1.13e-06  1.10e-06  2.33e-08
   floor10  2.39e-08  8.99e-08  1.94e-07  3.31e-07  4.98e-07  6.68e-07  8.44e-07  1.06e-06  1.28e-06  1.39e-06  1.34e-06  1.31e-06  2.78e-08
   floor11  2.64e-08  9.96e-08  2.16e-07  3.70e-07  5.58e-07  7.52e-07  9.54e-07  1.20e-06  1.46e-06  1.60e-06  1.55e-06  1.53e-06  3.24e-08
   floor12  2.88e-08  1.09e-07  2.38e-07  4.08e-07  6.18e-07  8.36e-07  1.06e-06  1.35e-06  1.64e-06  1.80e-06  1.76e-06  1.74e-06  3.72e-08
   floor13  3.13e-08  1.19e-07  2.59e-07  4.46e-07  6.78e-07  9.19e-07  1.17e-06  1.49e-06  1.82e-06  2.01e-06  1.97e-06  1.96e-06  4.21e-08

Dy
----------------

                mod1      mod2      mod3      mod4      mod5      mod6      mod7      mod8      mod9     mod10     mod11     mod12     mod13
    floor1  1.98e-10  4.83e-10  7.70e-10  1.06e-09  1.34e-09  1.58e-09  1.80e-09  2.08e-09  2.35e-09  2.42e-09  2.24e-09  2.12e-09  4.38e-11
    floor2  4.96e-10  1.55e-09  2.70e-09  3.84e-09  4.99e-09  5.96e-09  6.85e-09  7.96e-09  9.04e-09  9.35e-09  8.68e-09  8.26e-09  1.71e-10
    floor3  7.93e-10  2.71e-09  5.20e-09  7.77e-09  1.04e-08  1.26e-08  1.46e-08  1.71e-08  1.95e-08  2.03e-08  1.89e-08  1.80e-08  3.73e-10
    floor4  1.09e-09  3.87e-09  7.80e-09  1.23e-08  1.69e-08  2.09e-08  2.45e-08  2.89e-08  3.33e-08  3.47e-08  3.25e-08  3.11e-08  6.45e-10
    floor5  1.39e-09  5.03e-09  1.04e-08  1.69e-08  2.40e-08  3.03e-08  3.61e-08  4.30e-08  4.97e-08  5.22e-08  4.90e-08  4.71e-08  9.80e-10
    floor6  1.69e-09  6.19e-09  1.30e-08  2.15e-08  3.12e-08  4.02e-08  4.87e-08  5.86e-08  6.84e-08  7.22e-08  6.80e-08  6.56e-08  1.37e-09
    floor7  1.98e-09  7.35e-09  1.56e-08  2.61e-08  3.84e-08  5.03e-08  6.19e-08  7.53e-08  8.86e-08  9.41e-08  8.92e-08  8.63e-08  1.81e-09
    floor8  2.28e-09  8.51e-09  1.82e-08  3.07e-08  4.56e-08  6.04e-08  7.51e-08  9.26e-08  1.10e-07  1.18e-07  1.12e-07  1.09e-07  2.29e-09
    floor9  2.58e-09  9.67e-09  2.08e-08  3.53e-08  5.28e-08  7.04e-08  8.84e-08  1.10e-07  1.32e-07  1.42e-07  1.36e-07  1.33e-07  2.80e-09
   floor10  2.88e-09  1.08e-08  2.34e-08  3.99e-08  6.00e-08  8.05e-08  1.02e-07  1.27e-07  1.54e-07  1.67e-07  1.61e-07  1.58e-07  3.34e-09
   floor11  3.17e-09  1.20e-08  2.60e-08  4.45e-08  6.72e-08  9.06e-08  1.15e-07  1.45e-07  1.76e-07  1.92e-07  1.86e-07  1.84e-07  3.90e-09
   floor12  3.47e-09  1.31e-08  2.86e-08  4.91e-08  7.44e-08  1.01e-07  1.28e-07  1.62e-07  1.98e-07  2.17e-07  2.12e-07  2.10e-07  4.48e-09
   floor13  3.77e-09  1.43e-08  3.12e-08  5.37e-08  8.16e-08  1.11e-07  1.41e-07  1.79e-07  2.20e-07  2.42e-07  2.37e-07  2.36e-07  5.06e-09

phi
----------------

                mod1      mod2      mod3      mod4      mod5      mod6      mod7      mod8      mod9     mod10     mod11     mod12     mod13
    floor1  5.37e-03  7.54e-03  7.97e-03  8.09e-03  8.14e-03  8.17e-03  8.18e-03  8.18e-03  8.18e-03  0.00e+00  0.00e+00  0.00e+00  0.00e+00
    floor2  2.06e-02  2.81e-02  2.95e-02  2.99e-02  3.00e-02  3.01e-02  3.02e-02  3.02e-02  3.02e-02  0.00e+00  0.00e+00  0.00e+00  0.00e+00
    floor3  4.45e-02  5.85e-02  6.10e-02  6.17e-02  6.20e-02  6.21e-02  6.22e-02  6.22e-02  6.22e-02  0.00e+00  0.00e+00  0.00e+00  0.00e+00
    floor4  7.57e-02  9.59e-02  9.93e-02  1.00e-01  1.01e-01  1.01e-01  1.01e-01  1.01e-01  1.01e-01  0.00e+00  0.00e+00  0.00e+00  0.00e+00
    floor5  1.13e-01  1.38e-01  1.42e-01  1.43e-01  1.43e-01  1.43e-01  1.43e-01  1.43e-01  1.43e-01  0.00e+00  0.00e+00  0.00e+00  0.00e+00
    floor6  1.55e-01  1.82e-01  1.85e-01  1.87e-01  1.87e-01  1.87e-01  1.87e-01  1.87e-01  1.87e-01  0.00e+00  0.00e+00  0.00e+00  0.00e+00
    floor7  2.01e-01  2.26e-01  2.30e-01  2.30e-01  2.31e-01  2.31e-01  2.31e-01  2.31e-01  2.31e-01  0.00e+00  0.00e+00  0.00e+00  0.00e+00
    floor8  2.50e-01  2.70e-01  2.73e-01  2.74e-01  2.74e-01  2.74e-01  2.74e-01  2.74e-01  2.74e-01  0.00e+00  0.00e+00  0.00e+00  0.00e+00
    floor9  3.01e-01  3.14e-01  3.15e-01  3.16e-01  3.16e-01  3.16e-01  3.16e-01  3.16e-01  3.16e-01  0.00e+00  0.00e+00  0.00e+00  0.00e+00
   floor10  3.53e-01  3.57e-01  3.57e-01  3.56e-01  3.56e-01  3.56e-01  3.56e-01  3.56e-01  3.56e-01  0.00e+00  0.00e+00  0.00e+00  0.00e+00
   floor11  4.06e-01  3.98e-01  3.97e-01  3.97e-01  3.97e-01  3.97e-01  3.97e-01  3.97e-01  3.97e-01  0.00e+00  0.00e+00  0.00e+00  0.00e+00
   floor12  4.59e-01  4.40e-01  4.37e-01  4.37e-01  4.37e-01  4.36e-01  4.36e-01  4.36e-01  4.36e-01  0.00e+00  0.00e+00  0.00e+00  0.00e+00
   floor13  5.11e-01  4.82e-01  4.78e-01  4.77e-01  4.76e-01  4.76e-01  4.76e-01  4.76e-01  4.76e-01  0.00e+00  0.00e+00  0.00e+00  0.00e+00

LA
----------------

                mod1      mod2      mod3      mod4      mod5      mod6      mod7      mod8      mod9     mod10     mod11     mod12     mod13
    floor1  7.54e-06  0.00e+00  0.00e+00  0.00e+00  0.00e+00  0.00e+00  0.00e+00  0.00e+00  0.00e+00  0.00e+00  0.00e+00  0.00e+00  0.00e+00
    floor2  0.00e+00  2.09e-07  0.00e+00  0.00e+00  0.00e+00  0.00e+00  0.00e+00  0.00e+00  0.00e+00  0.00e+00  0.00e+00  0.00e+00  0.00e+00
    floor3  0.00e+00  0.00e+00  2.76e-08  0.00e+00  0.00e+00  0.00e+00  0.00e+00  0.00e+00  0.00e+00  0.00e+00  0.00e+00  0.00e+00  0.00e+00
    floor4  0.00e+00  0.00e+00  0.00e+00  7.23e-09  0.00e+00  0.00e+00  0.00e+00  0.00e+00  0.00e+00  0.00e+00  0.00e+00  0.00e+00  0.00e+00
    floor5  0.00e+00  0.00e+00  0.00e+00  0.00e+00  2.65e-09  0.00e+00  0.00e+00  0.00e+00  0.00e+00  0.00e+00  0.00e+00  0.00e+00  0.00e+00
    floor6  0.00e+00  0.00e+00  0.00e+00  0.00e+00  0.00e+00  1.19e-09  0.00e+00  0.00e+00  0.00e+00  0.00e+00  0.00e+00  0.00e+00  0.00e+00
    floor7  0.00e+00  0.00e+00  0.00e+00  0.00e+00  0.00e+00  0.00e+00  6.19e-10  0.00e+00  0.00e+00  0.00e+00  0.00e+00  0.00e+00  0.00e+00
    floor8  0.00e+00  0.00e+00  0.00e+00  0.00e+00  0.00e+00  0.00e+00  0.00e+00  6.65e-10  0.00e+00  0.00e+00  0.00e+00  0.00e+00  0.00e+00
    floor9  0.00e+00  0.00e+00  0.00e+00  0.00e+00  0.00e+00  0.00e+00  0.00e+00  0.00e+00 -5.73e-10  0.00e+00  0.00e+00  0.00e+00  0.00e+00
   floor10  0.00e+00  0.00e+00  0.00e+00  0.00e+00  0.00e+00  0.00e+00  0.00e+00  0.00e+00  0.00e+00  0.00e+00  0.00e+00  0.00e+00  0.00e+00
   floor11  0.00e+00  0.00e+00  0.00e+00  0.00e+00  0.00e+00  0.00e+00  0.00e+00  0.00e+00  0.00e+00  0.00e+00  0.00e+00  0.00e+00  0.00e+00
   floor12  0.00e+00  0.00e+00  0.00e+00  0.00e+00  0.00e+00  0.00e+00  0.00e+00  0.00e+00  0.00e+00  0.00e+00  0.00e+00  0.00e+00  0.00e+00
   floor13  0.00e+00  0.00e+00  0.00e+00  0.00e+00  0.00e+00  0.00e+00  0.00e+00  0.00e+00  0.00e+00  0.00e+00  0.00e+00  0.00e+00  0.00e+00

